0.04465338928
0.05661997962
0.03798735484
0.01244789068
0.00571378902
0.008831036793
0.0166854546
0.01468714185
0.006382116793
0.004040201036
0.005472284901
0.009301706073
0.004585590006
0.004172619201
0.00690990285
0.002878878171
0.005553237926
0.002575908597
0.002810564487
0.004169979089
0.002451732973
0.002265444975
0.002115317352
0.001991059076
0.002566332407
0.001604627466
0.002156809661
0.001980078484
0.001808662432
0.001346249458
0.001542661372
0.001421516407
0.001112839401
0.001211956362
0.0009840723319
0.001050387781
0.0008793966432
0.0008316143934
0.0008570449031
0.0008021714711
0.0006956717835
0.0007074416879
0.0006617521677
0.0005868902827
0.0005600248932
0.0005500169377
0.000496526746
0.0004732457279
0.0004491597429
0.0004360379335
0.0004053304325
0.0003843740958
0.00036851945
0.0003415859183
0.0003245506519
0.0003109555073
0.0002988436389
0.0002909343101
0.0002792995117
0.0002735309635
0.0002641675166
0.0002576678141
0.0002556565595
0.0002584031064
0.0002647092416
0.0002743169226
0.0002882835054
0.0003059366087
0.0003271194098
0.0003520474755
0.0003803318637
0.0004127138007
0.0004487643823
0.0004897240732
0.0005376595185
0.0005939046962
0.0006607874005
0.0007394654331
0.0008292271457
0.000929625
0.001039331458
0.001158614572
0.00128542903
0.001420968065
0.001569364053
0.001739632572
0.001936323957
0.002159890186
0.002415877986
0.002727471233
