996.9675536
1295.529098
864.8445401
255.7647313
59.56901527
173.3483761
372.5765089
326.4184048
118.378364
42.10052264
98.38816327
202.198557
79.06565367
70.22383969
147.000747
30.03939463
115.8083455
26.95508664
42.27628794
84.1906105
35.41961235
31.91621081
29.18450943
26.977661
47.90730695
16.6586128
38.74775693
34.85675513
31.0721548
16.17767506
25.29660567
22.76181459
12.75365934
18.4969332
11.02547765
15.26264774
9.623495537
9.020196988
11.57693519
10.61366105
7.112390771
9.033903076
8.360338162
6.17628677
6.090384176
6.693321269
5.284402548
5.162368036
4.903345936
5.109598344
4.401685865
4.204472821
4.259136664
3.767610138
3.551471578
3.358317525
3.17501874
3.093643868
2.804405078
2.703131059
2.443576053
2.297394491
2.164760432
2.099210341
2.000698094
1.923337778
1.848494481
1.795746643
1.721877746
1.691909111
1.705160312
1.712896974
1.713464498
1.724106852
1.726312035
1.70978096
1.715658661
1.735388106
1.840237867
1.968887534
2.121086727
2.299264973
2.468525923
2.620474408
2.755649334
2.8771253
2.927622764
2.935655605
2.885669282
2.808702249
