0.02570872918
0.03061107145
0.02082322465
0.008300648796
0.005479473969
0.006239035867
0.009577616514
0.008517016846
0.004779250323
0.003867396166
0.004213344168
0.005647452359
0.003645101853
0.003370331421
0.004357918584
0.002745484807
0.003615961055
0.002458473782
0.0024128053
0.00284585039
0.002145207525
0.002000209345
0.001881184332
0.001781092071
0.001909918065
0.001530972436
0.001654149749
0.001539807579
0.001423989541
0.00122331959
0.001239681074
0.001154063209
0.001013008628
0.001007503711
0.0009020294449
0.000890005245
0.0008050872196
0.0007635026749
0.0007446491787
0.0007014260255
0.0006460053712
0.0006285568577
0.0005940227526
0.0005503440541
0.0005237683422
0.0005052962565
0.0004752815828
0.0004550716391
0.0004344484233
0.0004194155671
0.0004011182106
0.0003870590418
0.0003783857295
0.0003699864954
0.0003656526617
0.000365021519
0.0003678589273
0.0003760827605
0.0003895985646
0.0004091519075
0.0004340149069
0.0004650245392
0.0005051407536
0.0005531151282
0.0006091747995
0.0006741186779
0.0007494832014
0.000836314619
0.0009342679042
0.001044660304
0.001169099774
0.001309267485
0.001464545527
0.001638403566
0.001834112715
0.002053968431
0.002301978859
0.002583094401
0.002902646983
0.003257731968
0.003656502229
0.004108974078
0.004617573738
0.00519163603
0.005841872584
0.006583582446
0.007417425975
0.008356306412
0.009418471008
0.01060825281
