0.0741943019
0.03818839824
0.02616621247
0.02014115439
0.01651578599
0.01409087801
0.01235241503
0.01104334484
0.01002082685
0.009199130571
0.00852367967
0.007477098399
0.007062733741
0.006384238269
0.005850884548
0.005419574879
0.00490642843
0.004628939802
0.004181740449
0.003914678275
0.003622541578
0.0033309018
0.003096890521
0.002904179773
0.002684266588
0.00250631602
0.002339624366
0.002185939596
0.002033000923
0.001907762054
0.001785540427
0.001669752981
0.001562139418
0.001463311571
0.001373191942
0.001291321426
0.001211656111
0.001138410388
0.00106961667
0.001004321808
0.0009446877285
0.0008893678417
0.0008367259353
0.0007875203556
0.0007420687952
0.0006994087476
0.0006594960679
0.0006222999317
0.0005875020207
0.0005552023088
0.0005252455678
0.000497566745
0.0004722752237
0.0004489909274
0.0004279379495
0.0004090289607
0.0003922684504
0.0003777461868
0.0003654695699
0.0003554641585
0.0003478038429
0.0003425260871
0.0003396697644
0.0003392675345
0.0003413262456
0.00034584526
0.0003528114286
0.0003622066766
0.0003739930988
0.0003881426528
0.0004046558848
0.0004235098194
0.0004447226889
0.0004683431858
0.0004944056802
0.0005230034986
0.0005542426931
0.0005882598859
0.0006252462008
0.0006653867246
0.0007089403993
0.000756189234
0.0008074616371
0.0008631442259
0.000923684814
0.0009895746411
0.001061410854
0.001139849004
0.001225636702
0.001319649558
