178.9771575
126.5410654
103.31728
89.47470231
80.02869696
73.05627501
67.63751205
63.26970769
59.65188873
56.59139566
53.95842252
49.63576923
47.83084018
44.74283115
42.18507755
40.02136686
37.32165718
35.79866903
33.24008631
31.64495246
29.83682955
27.96035681
26.39894164
25.07328245
23.51394709
22.21396879
20.96384468
19.78250059
18.57867785
17.57145755
16.56960309
15.6031053
14.68960828
13.83777961
13.0502907
12.32609494
11.61345644
10.95140234
10.32368008
9.722622467
9.169193139
8.651930037
8.156148289
7.689430575
7.255258834
6.844768213
6.457689369
6.093801344
5.749954548
5.427000803
5.123170684
4.83746916
4.570637725
4.318101234
4.081558597
3.859239276
3.650197933
3.454469807
3.270996796
3.098781098
2.937607172
2.786744613
2.645552868
2.513856778
2.391033652
2.276605797
2.170205605
2.071463499
1.980198864
1.896151253
1.819037742
1.748835862
1.685476837
1.628984562
1.57958787
1.537565675
1.503384848
1.477684209
1.46129063
1.455266944
1.460879742
1.479614655
1.513147733
1.563325113
1.632137067
1.721661875
1.834126916
1.971851291
2.13730686
2.33322612
