185.1155289
124.9927714
99.50431172
84.73393736
73.42957632
68.37922098
63.28036954
59.10644841
55.50089819
51.90788199
50.11256045
46.12918813
44.3730359
41.4763716
39.14012489
36.8259229
34.57699343
32.97116784
30.77836086
29.32358047
27.64024288
25.91017484
24.47828477
23.25391032
21.80463114
20.54679099
19.42228405
18.34055176
17.22783044
16.29380698
15.38598822
14.51235842
13.71938558
12.99473009
12.31587734
11.71274277
11.1216582
10.56538874
10.05539379
9.581690613
9.143894807
8.719648042
8.331216573
7.970811554
7.634557352
7.32955119
7.0943942
6.910741687
6.726516724
6.543904316
6.323593134
6.083804233
5.808402138
5.511410249
5.180303872
4.852827207
4.557854317
4.237859833
3.913626472
3.61547424
3.360035859
3.106261893
2.864800417
2.69563176
2.541437899
2.355009095
2.188064818
2.074515318
1.981993075
1.874607027
1.813890061
1.754538223
1.658673714
1.603492576
1.525885259
1.460815527
1.372831326
1.281111862
1.235626265
1.239028065
1.285073916
1.357127985
1.478557725
1.626006928
1.770309375
1.898351816
2.032322744
2.11405993
2.171959414
2.129285971
