0.05622212843
0.02898123517
0.01988402017
0.01532377403
0.01257904521
0.01074260764
0.009425596189
0.008433538483
0.007658364319
0.007035208483
0.006522775042
0.005728359329
0.005413657181
0.004898083732
0.004492518627
0.004164328694
0.00377356083
0.003562087077
0.003220994398
0.003017107633
0.002793890895
0.002570834497
0.002391676931
0.002244007876
0.002075336714
0.001938717578
0.001810626537
0.001692424997
0.001574691293
0.001478198606
0.001383955842
0.001294603607
0.001211495065
0.001135115213
0.00106541657
0.001002055397
0.0009403599341
0.0008835978952
0.0008302497509
0.00077957889
0.0007332662318
0.0006902697017
0.000649318364
0.000611001809
0.0005755682677
0.0005422675905
0.000511064345
0.0004819337819
0.0004546260151
0.0004292196348
0.0004055943671
0.0003837027614
0.0003636391308
0.0003451139526
0.0003283239395
0.0003132276091
0.0002998687638
0.0002883745759
0.0002788248637
0.0002713361704
0.0002660847338
0.0002632414984
0.0002630005754
0.0002655602886
0.0002711165531
0.0002798690293
0.0002920144546
0.0003077604262
0.0003273015112
0.0003508709299
0.0003787751067
0.0004113104804
0.0004488762165
0.0004919635867
0.0005410780488
0.0005968774097
0.0006600931585
0.0007315692972
0.0008123223637
0.0009034183068
0.001006154219
0.001121955594
0.001252436398
0.001399439036
0.001565054022
0.001751578495
0.001961699424
0.002198370662
0.002464914655
0.002765144617
