1683.827535
2189.853971
1461.798724
431.8808644
99.84882112
292.7362594
629.7419932
551.7121725
199.7917573
70.55142916
165.9613426
341.6504429
133.2239025
118.2067454
248.2653818
49.62890204
195.4862945
44.44495336
70.82451056
142.0606553
59.34784294
53.48250876
48.86349579
45.13011198
80.75404042
27.59703076
65.28929978
58.73578601
52.42258999
27.27015118
42.76453794
38.49064343
21.62576703
31.31518286
18.71581781
25.88949902
16.39893293
15.4226754
19.70744725
18.07007519
12.16493081
15.37600725
14.24923074
10.59018261
10.4803871
11.56778753
9.315305748
9.143097012
8.753652309
9.111450133
8.02334451
7.691625275
7.795295679
7.090166066
6.828102317
6.612484174
6.444289265
6.505266467
6.291694308
6.334705385
6.154176319
5.997295205
5.739699179
5.45801781
5.077959102
4.67859568
4.314647929
4.112602967
4.000769453
3.963542216
3.931642165
3.839323549
3.730100806
3.481174577
3.191804708
2.947986388
2.785495875
2.660929726
2.557575892
2.495145784
2.396372598
2.247094068
2.044038704
1.805861007
1.515080595
1.372821933
1.310178536
1.440046018
1.429195006
1.552199661
