1192.136657
601.5759062
404.6890112
306.2212479
247.1216484
207.7065383
179.5400423
158.4042107
141.9557278
128.7885956
118.0080806
101.4044519
94.87339506
84.24660374
75.96552736
69.32704923
61.51290222
57.33298139
50.67860757
46.76145217
42.53404731
38.38327896
35.11056526
32.45929767
29.48793891
27.13031431
24.96353728
23.00452255
21.09460455
19.56185398
18.09457919
16.73164168
15.48934126
14.36969123
13.36668582
12.4704647
11.61205042
10.83459142
10.11448073
9.439787238
8.830777524
8.271643382
7.74441258
7.255457976
6.806680613
6.387487584
5.996511906
5.632580306
5.29176098
4.974250959
4.67776554
4.400900723
4.144017412
3.902454124
3.677662802
3.467840801
3.272050746
3.090335201
2.921775046
2.765584791
2.621757355
2.489881569
2.369700759
2.261412751
2.164888304
2.080177441
2.007454474
1.946913677
1.898853993
1.863476289
1.840932465
1.831384603
1.834870747
1.851367785
1.88074368
1.922816456
1.977343685
2.044060871
2.122759336
2.213178883
2.315188993
2.428686776
2.553647172
2.690145639
2.838353016
2.99847448
3.170880555
3.355966374
3.554206963
3.766209518
