0.02000010128
0.04000020256
0.06000030384
0.08000040511
0.1000005064
0.1200006077
0.1400007089
0.1600008102
0.1800009115
0.2000010128
0.2200011141
0.2600013166
0.2800014179
0.3200016205
0.360001823
0.4000020256
0.4600023294
0.500002532
0.5800029371
0.6400032409
0.720003646
0.8200041524
0.9200046588
1.020005165
1.160005874
1.300006583
1.460007393
1.640008305
1.860009419
2.080010533
2.34001185
2.640013369
2.980015091
3.360017015
3.780019142
4.240021471
4.780024206
5.380027244
6.060030687
6.840034637
7.700038992
8.660043854
9.760049424
11.0000557
12.38006269
13.94007059
15.7000795
17.68008953
19.92010087
22.44011363
25.28012802
28.48014422
32.06016235
36.12018291
40.680206
45.82023203
51.6202614
58.14029442
65.48033159
73.76037352
83.08042071
93.58047388
105.4205338
118.7406013
133.7406772
150.6407628
169.6808592
191.1409679
215.3010903
242.501228
273.1613833
307.6815581
346.561755
390.3819769
439.7222267
495.3025082
557.9028252
628.4031822
707.8435845
797.3040375
898.0845478
1011.605123
1139.46577
1283.486499
1445.727321
1628.448246
1834.289289
2066.150463
2327.291785
2621.453275
