0.0351939437
0.0186686575
0.01312153751
0.01032323408
0.008627112466
0.007483840363
0.006657703843
0.006030657599
0.005536992086
0.005137190713
0.004806040774
0.004287416603
0.004079844845
0.003736618094
0.003463391307
0.003239832526
0.002970294857
0.00282269428
0.002581682241
0.002435678919
0.002273970115
0.002110237302
0.001977033789
0.001866018062
0.001737770286
0.001632702588
0.001533180543
0.001440442997
0.001347193887
0.001270106411
0.001194240391
0.001121791987
0.001053964626
0.0009912703961
0.0009337807371
0.0008813089496
0.0008300512894
0.0007827782406
0.0007382829907
0.0006960025678
0.0006573888941
0.0006216179988
0.000587681359
0.0005561222421
0.0005271968301
0.0005003529651
0.0004756408109
0.0004531328109
0.0004327520262
0.0004147000731
0.0003990617797
0.0003860160674
0.0003758522643
0.0003687186443
0.0003650425268
0.0003651830345
0.0003695719729
0.00037862399
0.0003927715327
0.0004124827972
0.0004381506431
0.000470234661
0.0005092442968
0.0005556108415
0.0006099687672
0.0006730445799
0.0007456601152
0.0008288121574
0.0009235191907
0.001031054006
0.001153027168
0.001290988044
0.001446899481
0.00162305894
0.001821774779
0.002045927701
0.002298648198
0.0025834766
0.002904604924
0.003266391204
0.003674086561
0.004133430554
0.004650893453
0.005233837875
0.005890599557
0.006630325223
0.007463701135
0.008402467193
0.009459821673
0.01065090705
