1361.989691
715.8596763
499.4028752
390.4678655
324.6081109
280.3313425
248.4199946
224.2607986
205.2876738
189.9586937
177.2909482
157.514025
149.6232225
136.6112576
126.2887272
117.8690558
107.7527573
102.2306511
93.24292755
87.81694498
81.82477331
75.77717821
70.87228942
66.79502997
62.09712518
58.25821293
54.63015278
51.25660692
47.87139456
45.07810793
42.3336538
39.71706154
37.2711517
35.01370381
32.94666113
31.06277969
29.225359
27.53373641
25.94468517
24.43830557
23.06645387
21.79986859
20.60313213
19.49575019
18.48673844
17.55673691
16.70726381
15.94013949
15.25151537
14.64616945
14.12380843
13.68591219
13.33608101
13.07109021
12.8953884
12.80897957
12.81256153
12.90594082
13.08822345
13.35871175
13.71535715
14.1566944
14.68152047
15.28705439
15.97256123
16.73759473
17.58188742
18.50612002
19.5100804
20.59512458
21.76456384
23.01957554
24.36363584
25.80124409
27.33510209
28.97044711
30.7121057
32.56545567
34.53756445
36.63381014
38.86200061
41.22949097
43.74421444
46.41501004
49.25145839
52.26275643
55.46024832
58.85482125
62.45802826
66.28307945
