0.0493589127
0.06117144844
0.04126244998
0.01479372325
0.008431021804
0.01081939521
0.01848766966
0.01634591364
0.008067844489
0.005947024277
0.007022684572
0.01056145586
0.005985668012
0.005495102072
0.00797837329
0.004204441422
0.00650697507
0.003763061015
0.003834635197
0.005002753034
0.003389363411
0.003149301884
0.002953658273
0.002789046277
0.003219831489
0.00233825355
0.002745375776
0.002539006388
0.002339448809
0.001902353936
0.002025515299
0.001881116063
0.001584938705
0.00163043016
0.001403702314
0.001424468154
0.001247167644
0.001176780817
0.001168561127
0.001094063899
0.0009812122246
0.0009656751717
0.0009088429032
0.0008273847871
0.0007898488694
0.0007706912647
0.0007158276401
0.0006823765899
0.0006425679317
0.0006093075643
0.0005586447334
0.0005180155376
0.0004847144203
0.0004499813657
0.0004263207008
0.0004057408977
0.0003899486601
0.0003742679741
0.000357653719
0.0003474310935
0.0003344795369
0.0003247089657
0.0003144194087
0.0003092024582
0.0003034525293
0.0002971075056
0.0002941828254
0.0002967777258
0.0003035678137
0.000312821885
0.0003294898921
0.0003532022763
0.0003789692643
0.0004083906737
0.000441877496
0.0004794022062
0.0005203642741
0.0005670202006
0.0006194773977
0.0006767017502
0.0007387849026
0.0008076264024
0.0008778941964
0.0009546646747
0.001040463612
0.001123511321
0.00121707773
0.001322110973
0.001467462726
0.00164929516
